        N.HEMISPH. Land-Ocean Temperature Index in 0.01 degrees Celsius   base period: 1951-1980

                    sources:  GHCN-v4 1880-12/2022 + SST: ERSST v5 1880-12/2022
                    using elimination of outliers and homogeneity adjustment
                    Notes: 1950 DJF = Dec 1949 - Feb 1950 ;  ***** = missing

                                                                     AnnMean
Year   Jan  Feb  Mar  Apr  May  Jun  Jul  Aug  Sep  Oct  Nov  Dec    J-D D-N    DJF  MAM  JJA  SON  Year
1880   -36  -51  -23  -30   -6  -16  -19  -27  -24  -32  -43  -40    -29 ***   ****  -20  -21  -33  1880
1881   -31  -22   -4    0    3  -32    8   -4  -26  -44  -37  -24    -18 -19    -31    0  -10  -36  1881
1882    26   21    2  -30  -23  -28  -28  -16  -26  -52  -34  -69    -21 -18      8  -17  -24  -37  1882
1883   -58  -66  -15  -30  -25  -11   -5  -22  -34  -16  -45  -15    -29 -33    -64  -23  -13  -32  1883
1884   -17  -11  -64  -60  -36  -41  -41  -51  -45  -44  -57  -47    -43 -40    -14  -53  -44  -49  1884
1885  -101  -45  -24  -49  -58  -44  -34  -41  -40  -37  -38  -11    -44 -46    -65  -44  -40  -38  1885
1886   -75  -84  -71  -37  -33  -37  -14  -42  -32  -31  -39  -21    -43 -42    -57  -47  -31  -34  1886
1887  -108  -70  -44  -38  -25  -20  -24  -54  -20  -48  -27  -42    -43 -42    -66  -36  -33  -32  1887
1888   -48  -60  -63  -21  -15   -2    0  -21  -19   -3    0  -23    -23 -25    -50  -33   -8   -7  1888
1889   -28   29   -2   17   -3   -6   -8  -20  -30  -41  -61  -54    -17 -15     -7    4  -11  -44  1889
1890   -63  -57  -47  -24  -35  -15  -23  -39  -35  -10  -62  -46    -38 -39    -58  -35  -26  -36  1890
1891   -46  -69  -16  -35  -15  -12  -12  -12   -7  -28  -52   -3    -26 -29    -54  -22  -12  -29  1891
1892   -50  -16  -67  -45  -23   -5  -37  -33  -20  -27  -82  -64    -39 -34    -23  -45  -25  -43  1892
1893  -151  -96  -32  -29  -42  -18  -14  -34  -29  -28  -33  -60    -47 -47   -104  -34  -22  -30  1893
1894   -91  -41  -20  -53  -25  -40  -20  -26  -32  -27  -47  -34    -38 -40    -64  -33  -29  -35  1894
1895   -69  -80  -49  -19  -30  -20  -18  -27   -6   -8  -12  -22    -30 -31    -61  -32  -22   -9  1895
1896   -36  -18  -49  -60  -16    8    1  -10  -12    5  -20  -21    -19 -19    -25  -41   -1   -9  1896
1897   -39  -41  -39   -5   14   -6    5   -6   -6  -16  -25  -29    -16 -15    -34  -10   -2  -16  1897
1898     5  -44  -80  -28  -28   -9  -13  -18  -18  -36  -51  -26    -29 -29    -23  -45  -13  -35  1898
1899   -12  -64  -59  -23  -24  -35  -17   -7   -5    4   36  -47    -21 -19    -34  -35  -19   12  1899
1900   -62  -14    5  -10   -4   -9  -12   -8   -3   23  -12   -3     -9 -13    -41   -3  -10    3  1900

Year   Jan  Feb  Mar  Apr  May  Jun  Jul  Aug  Sep  Oct  Nov  Dec    J-D D-N    DJF  MAM  JJA  SON  Year
1901   -33  -10   27   10  -11    1    2  -16  -27  -32  -23  -41    -13 -10    -15    9   -4  -27  1901
1902   -17    2  -38  -38  -39  -36  -33  -29  -33  -31  -45  -60    -33 -31    -19  -38  -33  -36  1902
1903   -22   12  -15  -46  -43  -45  -43  -56  -49  -50  -43  -57    -38 -38    -24  -35  -48  -47  1903
1904   -77  -60  -41  -50  -44  -48  -59  -54  -64  -39   -9  -34    -48 -50    -65  -45  -54  -37  1904
1905   -41  -82  -23  -46  -29  -28  -21  -24  -19  -27    9  -17    -29 -30    -52  -32  -24  -12  1905
1906   -56  -54  -21    4  -25  -11  -27  -17  -24  -18  -40    2    -24 -26    -42  -14  -18  -27  1906
1907   -59  -73  -32  -46  -59  -51  -41  -39  -41  -19  -55  -57    -48 -43    -43  -45  -43  -38  1907
1908   -55  -28  -70  -49  -30  -31  -36  -58  -31  -45  -63  -56    -46 -46    -47  -50  -42  -47  1908
1909   -94  -47  -68  -67  -50  -52  -45  -36  -38  -34  -12  -58    -50 -50    -65  -61  -44  -28  1909
1910   -35  -37  -49  -41  -29  -44  -38  -40  -43  -32  -59  -82    -44 -42    -43  -40  -41  -45  1910
1911   -71  -59  -65  -46  -45  -35  -37  -44  -39  -20  -21  -30    -43 -47    -71  -52  -39  -27  1911
1912   -35  -17  -61  -16  -12  -14  -52  -77  -81  -85  -52  -57    -47 -44    -27  -30  -48  -72  1912
1913   -56  -65  -48  -51  -55  -49  -52  -47  -43  -40  -15   10    -43 -48    -59  -51  -49  -33  1913
1914    16  -11  -36  -40  -19  -23  -34  -28  -30   -2  -23   -6    -20 -18      5  -32  -29  -18  1914
1915   -27  -10  -25    6   -3  -14  -11  -16  -23  -28   -4  -28    -15 -13    -14   -7  -14  -18  1915
1916   -10  -17  -40  -35  -37  -51  -35  -39  -51  -37  -48 -115    -43 -36    -18  -37  -42  -45  1916
1917   -55  -70  -76  -66  -74  -50  -34  -41  -32  -64  -33 -107    -59 -59    -80  -72  -42  -43  1917
1918   -71  -47  -26  -60  -50  -46  -35  -38  -27   -5  -23  -57    -40 -45    -75  -45  -40  -18  1918
1919   -39  -42  -39  -24  -43  -40  -34  -31  -20  -10  -48  -56    -36 -36    -46  -35  -35  -26  1919
1920   -16  -29   -1  -22  -22  -27  -26  -32  -36  -41  -46  -72    -31 -29    -34  -15  -28  -41  1920

Year   Jan  Feb  Mar  Apr  May  Jun  Jul  Aug  Sep  Oct  Nov  Dec    J-D D-N    DJF  MAM  JJA  SON  Year
1921    18  -10  -12  -18  -25  -16   -4  -30  -19   -1  -10  -14    -12 -17    -21  -19  -16  -10  1921
1922   -38  -63  -12  -17  -20  -16  -29  -37  -44  -33  -14  -15    -28 -28    -38  -16  -27  -31  1922
1923   -19  -47  -40  -53  -39  -25  -29  -28  -18    5   15    8    -22 -24    -27  -44  -27    1  1923
1924   -29  -22    2  -29   -6  -20  -22  -27  -23  -24    9  -37    -19 -15    -15  -11  -23  -13  1924
1925   -29  -39  -24  -17  -22  -26  -26  -19   -5   -9   21   21    -15 -19    -35  -21  -24    2  1925
1926    52   18   37  -13  -24  -20  -20   -6   -3    6   16  -30      1   5     30    0  -16    7  1926
1927   -29   -9  -47  -27  -13  -15   -8  -17    2   23   10  -38    -14 -13    -23  -29  -13   12  1927
1928    26    9  -24  -32  -18  -32  -11  -19  -16   -9    5   -4    -10 -13     -1  -24  -21   -7  1928
1929   -56  -80  -19  -35  -28  -40  -36  -20  -20   -2   -3  -66    -34 -29    -47  -28  -32   -8  1929
1930   -12  -20   11  -16  -20  -12   -3    1   -2    1   44    8     -2  -8    -32   -8   -5   14  1930
1931     0  -23   -6  -20  -14   15    8    9   17   36   25   10      5   5     -5  -13   10   26  1931
1932    39  -19  -20   10  -10  -14  -15   -8   10   14  -33  -21     -6  -3     10   -7  -12   -3  1932
1933   -19  -30  -31  -17  -26  -32  -14  -15  -28  -18  -25  -55    -26 -23    -23  -25  -20  -24  1933
1934   -15   33  -28  -30    8   -1   -4  -10  -14   13   26   18      0  -6    -12  -16   -5    8  1934
1935   -40   56    3  -35  -29  -15   -5   -7   -6   11  -32  -17    -10  -7     11  -20   -9   -9  1935
1936   -29  -51  -13   -6   -1    4    9    3    7    7   14   15     -4  -6    -32   -6    5    9  1936
1937     9   24  -23   -7   12   14   14   15   28   33   24    0     12  13     16   -6   14   28  1937
1938    35   27   33   30    3   -7   -3    8   14   32   30  -14     16  17     20   22   -1   25  1938
1939     2   -2  -24   -7    1    0    4    8   12    7   24   78      9   1     -4  -10    4   15  1939
1940   -10   13    3   27   16   16   15    7   26   29   30   36     17  21     27   16   13   28  1940

Year   Jan  Feb  Mar  Apr  May  Jun  Jul  Aug  Sep  Oct  Nov  Dec    J-D D-N    DJF  MAM  JJA  SON  Year
1941    18   47   12   12   23   21   25   19   10   50   18   19     23  24     34   16   21   26  1941
1942    41   -8    0    9   16   10   -1   -8   11   28   26   27     13  12     17    8    1   21  1942
1943   -10   38   -1   30   23   -7   -2   10   13   46   36   37     18  17     18   18    0   32  1943
1944    62   43   31   18   23   17   14   16   35   44   18   -1     27  30     47   24   16   33  1944
1945    11   -7    9   29    8    8    6   28   20   24    8  -21     10  12      1   15   14   17  1945
1946    34    9   12   32    3   -5   -4  -10   -4    2    7  -45      3   5      7   16   -6    2  1946
1947    -4   -4   28   22    6    0   -3   -5   -1   40   19   -5      8   5    -18   19   -3   19  1947
1948    30  -14  -27   -3   17    4    1    3   -3    8    4  -39     -2   1      4   -4    3    3  1948
1949    22   -9    4   -3    1  -20  -11   -4  -10    7    5  -14     -3  -5     -9    1  -12    1  1949
1950   -29  -27    6  -21   -4   -6  -18  -20   -9   -6  -33  -13    -15 -15    -23   -7  -15  -16  1950
1951   -36  -52  -18    7   17   -2    8   22   33   29    8   38      5   0    -33    2   10   23  1951
1952    17   17  -21   17   15   16   14    7   14   -1  -21    1      6   9     24    4   12   -3  1952
1953    24   37   26   41   25   25   22   18   17   27    9   22     24  23     21   30   22   18  1953
1954   -24    0  -16   -1   -7   -4  -11   -1    9   13   34  -11     -1   1     -1   -8   -5   19  1954
1955    42  -12  -43  -24  -13  -10   -5    7   -2   12  -34  -28     -9  -8      6  -27   -3   -8  1955
1956    -4  -32  -23  -26  -30  -20  -20  -28  -32  -28  -26  -10    -23 -25    -22  -26  -22  -29  1956
1957   -13   -6  -10   -9   -5   12   11   16   12    6   12   24      4   1    -10   -8   13   10  1957
1958    68   28   16    2   12    5    5   13    8    8    3   18     15  16     40   10    7    6  1958
1959    24   16   33   22    4   14    5   10   13   -4    3   10     13  13     19   20   10    4  1959
1960    15   42  -40  -13    3   19    9   11   12    5   -8   39      8   5     22  -16   13    3  1960

Year   Jan  Feb  Mar  Apr  May  Jun  Jul  Aug  Sep  Oct  Nov  Dec    J-D D-N    DJF  MAM  JJA  SON  Year
1961    17   29   22   14    7   18    6    5   -2   -3    8  -17      9  13     29   14   10    1  1961
1962    28   36   30   23    2  -13   10    4   -2   13   12   10     13  11     16   18    0    8  1962
1963     8   50  -11    4   -4   -4   10   15   13   42   43    2     14  15     23   -4    7   33  1963
1964    -5   -3  -32  -30  -10   -9  -13  -23  -28  -31  -21  -27    -19 -17     -2  -24  -15  -27  1964
1965    -2  -37   -9  -26  -13  -20  -18  -20  -20   -2    4   -8    -14 -16    -22  -16  -19   -6  1965
1966   -25    3    0  -22   -5    6   11   14    6  -10    2   -3     -2  -2    -10   -9   10    0  1966
1967   -17  -37   23    5   21   -6    4    7   -3   30    4    2      3   2    -19   16    2   10  1967
1968   -29  -16   44   -1   -6   -5   -8   -8   -4    0  -22  -33     -7  -4    -14   13   -7   -9  1968
1969   -43  -46  -20    3   11   -4    6    4    4    3   14   31     -3  -8    -40   -2    2    7  1969
1970    -2   27   -7   -2    0    1   -4   -5   -5  -20    1  -31     -4   1     19   -3   -3   -8  1970
1971   -15  -21  -28  -20  -12  -14  -13  -16  -14  -16   -2  -14    -15 -17    -22  -20  -14  -10  1971
1972   -54  -52    0  -11  -16  -10   -5   -9  -27   -4  -19   -4    -18 -18    -40   -9   -8  -17  1972
1973    15   44   31   19    9   16    4    3   -8   -7   -9   -4      9   9     18   20    8   -8  1973
1974   -26  -35    2  -10  -19  -18  -12  -11  -16  -23  -21  -27    -18 -16    -22   -9  -14  -20  1974
1975    16    9   11    5   -2   -8   -6  -14   -8  -18  -31  -22     -6  -6     -1    5   -9  -19  1975
1976     5  -12  -31    2  -26  -20  -27  -21  -13  -51  -32  -26    -21 -21    -10  -18  -22  -32  1976
1977   -16   11   26   25   23   22    8    2   12   -2   27    2     12   9    -10   24   11   13  1977
1978    16    4   21    7   -6  -14   -8  -14   -1   -1   15    2      2   2      7    7  -12    5  1978
1979    -5  -36   18  -17    1    7    5    4   19   23   24   54      8   4    -13    1    6   22  1979
1980    21   40    7   15   25   19   13    9   10   11   20    9     17  20     38   16   14   14  1980

Year   Jan  Feb  Mar  Apr  May  Jun  Jul  Aug  Sep  Oct  Nov  Dec    J-D D-N    DJF  MAM  JJA  SON  Year
1981    79   62   67   39   18   27    9   16   14   23   35   54     37  33     50   41   17   24  1981
1982   -14   16    6   17    9    1    4   -7    6   -1  -11   38      5   7     19   10   -1   -2  1982
1983    55   35   42    6    5   11   20   25   26   12   49   11     25  27     42   18   19   29  1983
1984    33    2   18   -7   23    9    9    5   -4    8  -10  -42      4   8     15   11    8   -2  1984
1985     7  -30    0   -4    8    0   -8   -2    2    2    2   16     -1  -5    -22    1   -3    2  1985
1986    36   31   26   14   19   14   -2    4   -2    9    3    6     13  14     27   20    5    3  1986
1987    25   50    0    7   23   16   25   27   39   22   10   50     24  21     27   10   23   24  1987
1988    59   46   47   44   43   40   42   25   26   23    5   42     37  37     52   44   36   18  1988
1989     8   39   45   32   22   24   31   25   22   25   11   33     26  27     30   33   27   19  1989
1990    47   54  116   70   50   47   32   40   41   47   45   38     52  52     45   79   40   45  1990
1991    59   56   45   55   33   47   42   35   35   29   32   20     41  42     51   44   41   32  1991
1992    60   49   54   15   18    4  -11   -8  -19  -18   -9   21     13  13     43   29   -5  -15  1992
1993    38   51   38   23   31   22   12    2   -7   12  -21   22     19  18     37   31   12   -5  1993
1994    33   -5   49   48   38   41   33   32   32   54   50   36     37  36     17   45   36   45  1994
1995    75  119   58   71   41   50   37   53   43   59   56   26     57  58     76   57   47   53  1995
1996    26   54   31   17   35   25   29   18    3    4   35   34     26  25     36   28   24   14  1996
1997    33   59   74   48   42   49   41   48   51   63   59   50     51  50     42   55   46   58  1997
1998    61  103   72   87   66   72   74   72   61   53   48   73     70  68     72   75   73   54  1998
1999    59   99   29   53   36   34   35   30   40   39   53   66     48  48     77   39   33   44  1999
2000    38   89   83   88   54   44   41   47   36   29   19   27     50  53     64   75   44   28  2000

Year   Jan  Feb  Mar  Apr  May  Jun  Jul  Aug  Sep  Oct  Nov  Dec    J-D D-N    DJF  MAM  JJA  SON  Year
2001    56   45   76   59   68   51   63   68   56   60   97   65     64  61     43   68   61   71  2001
2002   102  114  111   50   52   68   66   55   62   53   78   42     71  73     94   71   63   65  2002
2003    92   56   66   60   71   54   68   86   78   98   66   97     75  70     64   66   69   81  2003
2004    66   91   86   69   52   47   49   55   59   70   98   44     66  70     85   69   50   76  2004
2005    93   71   94   92   77   79   75   69   90   95  105   83     85  82     70   88   74   96  2005
2006    64   95   77   59   75   81   69   68   82   95   94  115     81  79     81   71   73   90  2006
2007   145   89   95  106   72   65   66   73   67   83   81   76     85  88    116   91   68   77  2007
2008    34   58  113   64   60   61   60   59   57   85   96   65     68  69     56   79   60   79  2008
2009    82   69   59   70   65   68   68   72   85   78   84   66     72  72     72   65   69   82  2009
2010    80   94  110  113   93   84   88   86   70   89  120   49     90  91     80  105   86   93  2010
2011    61   56   88   84   65   76   72   70   73   90   65   88     74  71     55   79   73   76  2011
2012    68   58   71  106   97   94   85   75   86   90   97   45     81  84     71   91   85   91  2012
2013    84   78   81   67   77   77   69   73   70   82  112   83     79  76     69   75   73   88  2013
2014    97   71  119  108   89   81   77   90   83   92   80  110     91  89     84  105   83   85  2014
2015   117  118  132  102  104  105   91  101  117  128  138  153    117 114    115  112   99  128  2015
2016   154  194  190  148  111  112  104  112  122  103  111  104    130 134    167  150  109  112  2016
2017   138  151  151  119   92   93   97  101  100  104  122  138    117 114    131  121   97  109  2017
2018   113  123  116   96  101   86   90   87   96  123   96  110    103 106    125  104   87  105  2018
2019   119  112  154  124   98  119  103  108  121  130  119  139    121 118    114  125  110  123  2019
2020   157  170  165  140  128  113  110  113  120  121  160  123    135 136    155  144  112  134  2020

Year   Jan  Feb  Mar  Apr  May  Jun  Jul  Aug  Sep  Oct  Nov  Dec    J-D D-N    DJF  MAM  JJA  SON  Year
2021   126   95  120  112  103  120  106  102  105  130  130  117    114 114    114  112  109  122  2021
2022   124  116  142  109  101  112  105  116  115  131  108  108    116 116    119  117  111  118  2022
Year   Jan  Feb  Mar  Apr  May  Jun  Jul  Aug  Sep  Oct  Nov  Dec    J-D D-N    DJF  MAM  JJA  SON  Year

Divide by 100 to get changes in degrees Celsius (deg-C).
Multiply that result by 1.8(=9/5) to get changes in degrees Fahrenheit (deg-F).

Example      --      Table Value :      40
                          change :    0.40 deg-C  or  0.72 deg-F